[MISSION]
title=S6_S2 S17
[STPT]
target_0=1336591.875000, 1474351.000000, -48.000000, 1, Not set
target_1=1330031.875000, 1385791.500000, -0.000000, 0, Not set
target_2=1336591.875000, 1412031.375000, -0.000000, 8, Not set
target_3=1352991.750000, 1471071.000000, -33.211006, 2, Not set
target_4=1487470.875000, 1418591.375000, -126.434402, 0, Not set
target_5=1536670.625000, 1398911.500000, -1940.081787, 0, Not set
target_6=1582590.375000, 1375951.625000, -156.193985, 14, Not set
target_7=1352991.750000, 1474351.000000, -16.000000, 3, Not set
target_8=1336591.875000, 1474351.000000, -48.000000, 7, Not set
target_9=1162752.875000, 1539950.625000, -42.000000, 7, Not set
target_10=0.000000, 0.000000, 0.000000, -1, Not set
ppt_0=1582590.375000, 1375951.625000, 0.000000, 48608.925781, AAA